0  011 1111 1111 1011   1001 1001 1001 1001 1001 1001 1001 1001 1001 1001 1001 1001 1001 1001 1001 1001 1001 1001 1001 1001 1001 1001 1001 1001 1001 1001 1001 1010
0  011 1111 1111 1111   0011 0011 0011 0011 0011 0011 0011 0011 0011 0011 0011 0011 0011 0000 0000 0000 0010 1010 0010 0000 1100 1111 0010 0001 1101 1101 0000 1000
0  100 0000 0000 0011   1010 0111 1111 1111 1111 1111 1111 1100 0111 0000 0100 1100 1111 0001 0101 0111 0100 0010 1111 0111 0100 0101 0101 1000 1011 1001 0001 0101
0  000 0000 0000 0000   0000 0000 0000 0000 0000 0000 0000 0000 0000 0000 0000 0000 0000 0000 0000 0000 0000 0000 0000 0000 0000 0000 0000 0000 0000 0000 0000 0000
3.6793099430919999999999999999999999401993404283863934929210535690037803605023647435245948145166039466857910156250
-12310.9707399999999999999999999999994491857615384807169893146465769473429929803387494757771492004394531250000000000000
Inf
NaN
0
0
